Multinomial Naive-Bayes analysis 
Accuracy of the dataset using emotions as a target using Multinomial Naive-Bayes is: 0.2983936677918752
Confusion Matrix of MNB emotions:
[[   36     8     3    19    36     0     4     9     0     2    15     1
      0     1     0    16     0     5     7     0  1943     2     0     1
      0     0     2     1]
 [   17     7     2    14    21     0     2     3     0     4    14     1
      0     1     0    12     0     3     1     0  1106     4     0     2
      0     0     2     1]
 [   18     4     4    18    21     0     3     4     0     1    15     1
      0     0     0     5     0     1     4     0   918     2     0     2
      0     0     0     1]
 [   25     6     2    10    32     2     4    12     0     3    14     3
      2     3     0     7     0     2     3     0  1538     3     0     2
      0     0     2     0]
 [   44    11    14    19    41     7     3     9     0     4    13     0
      1     1     1    17     0     3     9     0  2089     2     0     6
      0     0     1     2]
 [   10     1     4     5    16     1     2     1     0     0     5     1
      0     0     0     5     0     0     2     0   625     3     0     2
      0     0     0     1]
 [   24     4     3    12    15     1     3     9     0     1     8     0
      0     0     0     1     0     1     2     0   920     2     0     3
      0     0     1     1]
 [   21     5     2    12    21     2     2     7     0     2    17     1
      0     2     0     3     0     7     2     0  1074     5     0     2
      0     0     1     1]
 [    5     2     3     6     6     0     1     1     0     0     3     0
      0     0     0     6     0     0     0     0   371     2     0     2
      0     0     1     0]
 [   14     2     2    10    19     1     4     1     0     1     6     1
      0     1     0     7     0     3     3     0   803     2     0     3
      0     2     0     2]
 [   32     3     4    15    21     3     4     4     0     2    16     2
      0     2     0    14     0     2    10     0  1376     2     0     2
      0     0     2     2]
 [   14     3     4    11     6     0     0     2     0     2     3     0
      0     0     0     4     0     0     2     0   499     0     0     1
      0     0     0     0]
 [    7     0     1     4     3     0     0     2     0     1     0     0
      0     1     0     2     0     0     2     0   300     1     0     1
      0     0     1     1]
 [    6     2     0    12    16     1     2     7     1     1     0     0
      0     0     0     5     0     0     1     0   560     2     0     1
      0     0     1     0]
 [    6     0     2     2     7     1     1     1     0     2     1     0
      0     0     0     2     0     2     2     0   326     1     0     0
      0     0     1     0]
 [   23     9     3    18    24     2     2    11     0     2    12     0
      0     0     0    11     0     2     3     0  1274     2     0     4
      0     0     0     0]
 [    1     0     0     0     3     0     1     0     0     0     0     0
      0     0     0     0     0     0     0     0    73     0     0     0
      0     0     0     0]
 [    7     2     1     8    14     3     3     3     0     2    10     1
      1     2     1     5     0     1     2     0   822     0     0     1
      0     0     2     2]
 [   14     4     4    11    22     4     3     3     0     3     8     1
      0     0     0     6     0     1     1     0   893     1     0     4
      0     0     0     1]
 [    0     0     1     2     3     0     0     0     0     0     0     1
      0     0     0     1     0     0     1     0   136     0     0     0
      0     0     0     0]
 [  176    46    24   110   201    12    22    34     0    36   109     4
      0     7     0    79     0    14    22     1 10109    27     0    17
      0     2     8     8]
 [   13     3     3     7    16     1     3     3     0     3     3     0
      0     0     0     3     0     1     6     0   808     2     0     2
      0     0     1     1]
 [    3     1     0     0     6     0     0     0     0     1     1     0
      0     0     0     1     0     0     0     0   144     2     1     0
      0     0     0     0]
 [   21     2     4     7    21     1     2     2     0     1     9     0
      0     2     0     5     0     0     2     0   877     2     0     2
      0     0     1     3]
 [    2     2     0     0     2     0     0     0     0     0     3     0
      0     0     0     0     0     1     1     0   149     0     0     0
      0     0     0     0]
 [    3     1     4     2    10     0     2     3     0     1     4     1
      0     0     0     1     0     0     1     0   270     1     0     0
      0     0     0     1]
 [   16     2     6    11    16     1     0     2     0     4     7     0
      0     3     0     6     0     1     2     0   676     0     0     2
      0     0     1     2]
 [    6     2     2     4    17     1     3     0     0     1    10     1
      0     0     0     4     0     2     4     0   633     3     0     1
      0     0     1     0]]
Classification report of MNB emotions: 
              precision    recall  f1-score   support

           0       0.06      0.02      0.03      2111
           1       0.05      0.01      0.01      1217
           2       0.04      0.00      0.01      1022
           3       0.03      0.01      0.01      1675
           4       0.06      0.02      0.03      2297
           5       0.02      0.00      0.00       684
           6       0.04      0.00      0.01      1011
           7       0.05      0.01      0.01      1189
           8       0.00      0.00      0.00       409
           9       0.01      0.00      0.00       887
          10       0.05      0.01      0.02      1518
          11       0.00      0.00      0.00       551
          12       0.00      0.00      0.00       327
          13       0.00      0.00      0.00       618
          14       0.00      0.00      0.00       357
          15       0.05      0.01      0.01      1402
          16       0.00      0.00      0.00        78
          17       0.02      0.00      0.00       893
          18       0.01      0.00      0.00       984
          19       0.00      0.00      0.00       145
          20       0.32      0.91      0.48     11068
          21       0.03      0.00      0.00       879
          22       1.00      0.01      0.01       160
          23       0.03      0.00      0.00       964
          24       0.00      0.00      0.00       160
          25       0.00      0.00      0.00       305
          26       0.03      0.00      0.00       758
          27       0.00      0.00      0.00       695

    accuracy                           0.30     34364
   macro avg       0.07      0.04      0.02     34364
weighted avg       0.13      0.30      0.16     34364


Top MNB confusion matrix:
 [[    9     2     0    10    17     0     1     4     0     1     4     0
      0     0     0     5     0     1     1     0  2053     1     0     1
      0     0     1     0]
 [   10     1     2     3     8     0     0     0     0     0     1     0
      0     0     0     5     0     1     0     0  1184     0     0     2
      0     0     0     0]
 [    5     2     0     7     5     0     0     1     0     0     7     0
      0     0     0     1     0     0     1     0   992     1     0     0
      0     0     0     0]
 [   12     2     1     5    16     1     1     4     0     0     2     0
      0     0     0     1     0     0     0     0  1626     2     0     1
      0     0     1     0]
 [   12     1     5     6    19     2     1     1     0     1     3     1
      0     1     0     6     0     1     2     0  2232     1     0     1
      0     0     0     1]
 [    1     0     2     1     4     1     0     1     0     0     1     0
      0     0     0     1     0     0     0     0   672     0     0     0
      0     0     0     0]
 [   12     1     0     3     5     0     0     4     0     1     2     0
      0     0     0     1     0     0     0     0   982     0     0     0
      0     0     0     0]
 [    8     2     0     4     9     0     0     1     0     0     4     0
      0     0     0     1     0     2     0     0  1157     0     0     0
      0     0     0     1]
 [    3     0     0     3     1     0     0     1     0     0     0     0
      0     0     0     1     0     0     0     0   400     0     0     0
      0     0     0     0]
 [    4     1     0     6     7     0     1     0     0     1     1     0
      0     0     0     8     0     0     1     0   855     1     0     0
      0     0     0     1]
 [    9     2     1     3     8     0     0     0     0     0     4     0
      0     0     0     2     0     0     1     0  1487     1     0     0
      0     0     0     0]
 [    8     1     1     4     0     0     0     1     0     0     1     0
      0     0     0     1     0     0     0     0   534     0     0     0
      0     0     0     0]
 [    2     0     0     2     0     0     0     0     0     0     0     0
      0     0     0     1     0     0     0     0   320     0     0     1
      0     0     0     1]
 [    2     1     0     4     6     0     0     4     1     1     0     0
      0     0     0     1     0     0     1     0   596     0     0     0
      0     0     1     0]
 [    2     0     0     2     4     0     0     0     0     0     0     0
      0     0     0     1     0     1     1     0   346     0     0     0
      0     0     0     0]
 [    4     4     1     6     9     0     0     2     0     0     4     0
      0     0     0     5     0     0     2     0  1363     1     0     1
      0     0     0     0]
 [    0     0     0     0     2     0     1     0     0     0     0     0
      0     0     0     0     0     0     0     0    75     0     0     0
      0     0     0     0]
 [    6     1     1     2     3     1     0     0     0     0     0     0
      0     1     0     1     0     1     0     0   872     0     0     1
      0     0     1     2]
 [    6     1     0     4     9     1     1     0     0     1     2     0
      0     0     0     2     0     0     0     0   956     0     0     1
      0     0     0     0]
 [    0     0     0     2     1     0     0     0     0     0     0     0
      0     0     0     1     0     0     0     0   141     0     0     0
      0     0     0     0]
 [   54    11     4    39    86     4     5    15     0     8    33     1
      0     3     0    21     0     2     8     0 10762     3     0     6
      0     0     0     3]
 [    5     3     2     2     4     0     0     0     0     0     2     0
      0     0     0     0     0     1     2     0   857     0     0     1
      0     0     0     0]
 [    0     0     0     0     2     0     0     0     0     0     0     0
      0     0     0     1     0     0     0     0   156     0     1     0
      0     0     0     0]
 [    4     0     1     5     8     1     0     0     0     1     5     0
      0     0     0     3     0     0     1     0   930     1     0     2
      0     0     0     2]
 [    1     0     0     0     1     0     0     0     0     0     2     0
      0     0     0     0     0     0     1     0   155     0     0     0
      0     0     0     0]
 [    3     0     0     2     3     0     1     0     0     0     3     0
      0     0     0     0     0     0     0     0   293     0     0     0
      0     0     0     0]
 [    9     1     2     3     8     0     0     2     0     1     2     0
      0     0     0     0     0     0     1     0   729     0     0     0
      0     0     0     0]
 [    1     1     0     0     4     0     1     0     0     1     2     0
      0     0     0     2     0     0     2     0   680     1     0     0
      0     0     0     0]]

Top MNB Classification report:
              precision    recall  f1-score   support

           0       0.05      0.00      0.01      2111
           1       0.03      0.00      0.00      1217
           2       0.00      0.00      0.00      1022
           3       0.04      0.00      0.01      1675
           4       0.08      0.01      0.01      2297
           5       0.09      0.00      0.00       684
           6       0.00      0.00      0.00      1011
           7       0.02      0.00      0.00      1189
           8       0.00      0.00      0.00       409
           9       0.06      0.00      0.00       887
          10       0.05      0.00      0.00      1518
          11       0.00      0.00      0.00       551
          12       0.00      0.00      0.00       327
          13       0.00      0.00      0.00       618
          14       0.00      0.00      0.00       357
          15       0.07      0.00      0.01      1402
          16       0.00      0.00      0.00        78
          17       0.10      0.00      0.00       893
          18       0.00      0.00      0.00       984
          19       0.00      0.00      0.00       145
          20       0.32      0.97      0.48     11068
          21       0.00      0.00      0.00       879
          22       1.00      0.01      0.01       160
          23       0.11      0.00      0.00       964
          24       0.00      0.00      0.00       160
          25       0.00      0.00      0.00       305
          26       0.00      0.00      0.00       758
          27       0.00      0.00      0.00       695

    accuracy                           0.31     34364
   macro avg       0.07      0.04      0.02     34364
weighted avg       0.13      0.31      0.16     34364


---------------------------------------------------------------------
---------------------------------------------------------------
Accuracy of the dataset using sentiments as a target using Multinomial Naive-Bayes is: 0.5411768129437784
Confusion Matrix of MNB sentiments:
[[ 877  598 1449  854]
 [ 328 4093 2078 1194]
 [ 696 2043 5392 3008]
 [ 277  969 2273 8235]]
Classification report of MNB sentiments: 
              precision    recall  f1-score   support

           0       0.40      0.23      0.29      3778
           1       0.53      0.53      0.53      7693
           2       0.48      0.48      0.48     11139
           3       0.62      0.70      0.66     11754

    accuracy                           0.54     34364
   macro avg       0.51      0.49      0.49     34364
weighted avg       0.53      0.54      0.53     34364


Base MNB Classification report:
              precision    recall  f1-score   support

           0       0.40      0.23      0.29      3778
           1       0.53      0.53      0.53      7693
           2       0.48      0.48      0.48     11139
           3       0.62      0.70      0.66     11754

    accuracy                           0.54     34364
   macro avg       0.51      0.49      0.49     34364
weighted avg       0.53      0.54      0.53     34364


Top MNB confusion matrix
[[ 877  598 1449  854]
 [ 328 4093 2078 1194]
 [ 696 2043 5392 3008]
 [ 277  969 2273 8235]]

Top MNB Classification report:
              precision    recall  f1-score   support

           0       0.40      0.23      0.29      3778
           1       0.53      0.53      0.53      7693
           2       0.48      0.48      0.48     11139
           3       0.62      0.70      0.66     11754

    accuracy                           0.54     34364
   macro avg       0.51      0.49      0.49     34364
weighted avg       0.53      0.54      0.53     34364


------------------------------------------------------------------------------------------------------------------------------------
Decision Tree analysis: 
Accuracy(without criterion) :0.11669188685834013
Best hyper parameters {'criterion': 'gini', 'max_depth': 4, 'min_samples_split': 2}
Best score 0.32168111968583474
Base DT confusion matrix:
 [[ 253  121  104  126  196   40   61   77   24   66   93   38   13   30
    14   79    2   32   63    7  592   28    5   11    2    9   16    9]
 [ 135   60   70   87  104   32   36   49   16   40   60   20   11   18
     5   32    0   28   27    3  336    7    3   14    3    4   13    4]
 [ 126   66   44   76   79   18   31   37   15   35   48   12    2   13
     9   41    3   15   23    3  285   18    4    9    0    3    2    5]
 [ 167  105   75  127  150   45   63   56   15   44   70   27   11   41
    11   52    1   33   36    3  476   18    0   19    6    3   13    8]
 [ 256  131  111  179  192   67   71  105   23   56   97   31   17   32
    28   88    5   45   59    5  624   18    1   22    0    8   18    8]
 [  79   44   30   46   62   21   25   23   10   15   36   10    2   12
     3   17    1   16   15    6  183   10    1    5    1    1    7    3]
 [ 114   63   37   78   93   30   23   36   12   30   50   14    8   20
    12   28    3   17   17    1  286    9    1   10    2    4    9    4]
 [ 129   72   48   90  110   37   34   39   12   33   61   20    6   24
     7   39    3   26   30    7  320   12    2    7    1    9    6    5]
 [  32   24   15   30   43    8   20   18    8   11   22    3    4    4
     5   15    0    5    7    2  111    5    2    7    0    2    5    1]
 [  93   38   40   66   87   29   42   38   12   30   33   18    9   18
     3   23    2   18   23    2  221    4    1   15    1    6    8    7]
 [ 176   85   70  123  122   39   56   62   22   46   66   24    9   20
     8   62    3   28   38    4  401   15    0   16    2    7    8    6]
 [  65   28   21   40   49   19   20   24    6   24   25    8    7   16
     2   15    1   13   15    0  138    5    1    2    0    0    3    4]
 [  32   22   18   32   21    4   12   13    4   10   14    8    3    8
     5   10    1    5    5    1   89    2    0    1    0    2    3    2]
 [  69   30   18   56   52   11   30   18    8   20   28   10    5   10
     5   24    2   19   10    2  168    7    0    8    0    2    4    2]
 [  44   18   18   20   34    8   11   18    6   14   17    4    5    5
     7    8    1   10    9    0   86    3    2    5    0    0    1    3]
 [ 147   92   62   99  131   42   42   49   13   36   67   28   11   16
    17   40    4   26   31    2  380   15    2   15    3    7   17    8]
 [   5    4    3    4    5    2    3    1    0    2    2    5    0    2
     1    1    0    2    3    0   30    2    0    1    0    0    0    0]
 [  89   48   46   69   70   31   30   26   12   27   37   18    7   20
    11   32    2   23   20    2  229   17    2   10    2    1    5    7]
 [ 108   52   53   68   96   33   36   33   15   17   40   13    5   14
     9   35    0   18   23    3  277    7    2   12    1    1    8    5]
 [  15    8    6   14   15    5    4    5    2    3    6    3    2    4
     2    3    0    3    1    0   43    0    0    0    0    0    1    0]
 [1218  632  552  809  982  279  370  392  168  334  479  163   81  192
    83  400   11  193  242   42 3005  125   22   91   21   41   91   50]
 [  96   59   50   60   68   27   32   41   11   12   42   13    8   23
    10   27    1   15   22    5  228    9    2    9    1    2    4    2]
 [  15   12   13   11   16    2    6    3    2    5    4    0    1    2
     3    6    1    1    2    0   46    5    0    2    0    0    1    1]
 [ 111   56   49   68   88   27   41   26   17   35   33   13    6   17
     5   37    0   22   22    2  255   13    1   11    2    2    3    2]
 [  14    9    6   17   15    8    7    6    1    2   10    3    1    4
     2    1    0    4    6    1   38    3    0    0    0    0    0    2]
 [  21   19   17   15   38    1   11   15    6   10   16    6    3    7
     4    7    1    3    9    2   77    7    1    4    1    1    1    2]
 [  80   42   31   52   80   17   25   30    6   20   28   14   11   12
    10   28    2   20   14    0  203    7    1    8    2    3    6    6]
 [  81   47   44   36   51   17   25   28    8   16   20   14    5    8
     4   26    2   16   14    2  204    3    0   13    1    2    7    1]]

Base DT Classification report:
              precision    recall  f1-score   support

           0       0.07      0.12      0.09      2111
           1       0.03      0.05      0.04      1217
           2       0.03      0.04      0.03      1022
           3       0.05      0.08      0.06      1675
           4       0.06      0.08      0.07      2297
           5       0.02      0.03      0.03       684
           6       0.02      0.02      0.02      1011
           7       0.03      0.03      0.03      1189
           8       0.02      0.02      0.02       409
           9       0.03      0.03      0.03       887
          10       0.04      0.04      0.04      1518
          11       0.01      0.01      0.01       551
          12       0.01      0.01      0.01       327
          13       0.02      0.02      0.02       618
          14       0.02      0.02      0.02       357
          15       0.03      0.03      0.03      1402
          16       0.00      0.00      0.00        78
          17       0.04      0.03      0.03       893
          18       0.03      0.02      0.03       984
          19       0.00      0.00      0.00       145
          20       0.32      0.27      0.29     11068
          21       0.02      0.01      0.01       879
          22       0.00      0.00      0.00       160
          23       0.03      0.01      0.02       964
          24       0.00      0.00      0.00       160
          25       0.01      0.00      0.00       305
          26       0.02      0.01      0.01       758
          27       0.01      0.00      0.00       695

    accuracy                           0.12     34364
   macro avg       0.04      0.04      0.03     34364
weighted avg       0.13      0.12      0.12     34364


Top DT confusion matrix:
 [[    0     0     0     0     1     0     0     0     0     0     0     0
      0     0     0     0     0     0     0     0  2110     0     0     0
      0     0     0     0]
 [    0     0     0     0     0     0     0     0     0     0     0     0
      0     0     0     0     0     0     0     0  1217     0     0     0
      0     0     0     0]
 [    0     0     0     0     0     0     0     0     0     0     0     0
      0     0     0     0     0     0     0     0  1022     0     0     0
      0     0     0     0]
 [    0     0     0     0     1     0     0     0     0     0     0     0
      0     0     0     0     0     0     0     0  1674     0     0     0
      0     0     0     0]
 [    0     0     0     1     0     0     0     0     0     0     0     0
      0     0     0     1     0     0     0     0  2295     0     0     0
      0     0     0     0]
 [    0     0     0     0     0     0     0     0     0     0     0     0
      0     0     0     0     0     0     0     0   684     0     0     0
      0     0     0     0]
 [    0     0     0     0     0     0     0     0     0     0     0     0
      0     0     0     0     0     0     0     0  1011     0     0     0
      0     0     0     0]
 [    0     0     0     0     0     0     0     0     0     0     0     0
      0     0     0     0     0     0     0     0  1189     0     0     0
      0     0     0     0]
 [    0     0     0     0     0     0     0     0     0     0     0     0
      0     0     0     0     0     0     0     0   409     0     0     0
      0     0     0     0]
 [    0     0     0     0     0     0     0     0     0     0     0     0
      0     0     0     0     0     0     0     0   887     0     0     0
      0     0     0     0]
 [    0     0     0     0     0     0     0     0     0     0     0     0
      0     0     0     0     0     0     0     0  1518     0     0     0
      0     0     0     0]
 [    0     0     0     0     0     0     0     0     0     0     0     0
      0     0     0     0     0     0     0     0   551     0     0     0
      0     0     0     0]
 [    0     0     0     0     0     0     0     0     0     0     0     0
      0     0     0     0     0     0     0     0   327     0     0     0
      0     0     0     0]
 [    0     0     0     0     0     0     0     0     0     0     0     0
      0     0     0     0     0     0     0     0   618     0     0     0
      0     0     0     0]
 [    0     0     0     0     0     0     0     0     0     0     0     0
      0     0     0     0     0     0     0     0   357     0     0     0
      0     0     0     0]
 [    0     0     0     0     0     0     0     0     0     0     0     0
      0     0     0     0     0     0     0     0  1402     0     0     0
      0     0     0     0]
 [    0     0     0     0     0     0     0     0     0     0     0     0
      0     0     0     0     0     0     0     0    78     0     0     0
      0     0     0     0]
 [    0     0     0     0     0     0     0     0     0     0     0     0
      0     0     0     0     0     0     0     0   893     0     0     0
      0     0     0     0]
 [    0     0     0     0     0     0     0     0     0     0     0     0
      0     0     0     0     0     0     0     0   984     0     0     0
      0     0     0     0]
 [    0     0     0     0     0     0     0     0     0     0     0     0
      0     0     0     0     0     0     0     0   145     0     0     0
      0     0     0     0]
 [    1     0     0     1     0     0     0     0     0     0     0     0
      0     0     0     0     0     0     0     0 11066     0     0     0
      0     0     0     0]
 [    0     0     0     0     0     0     0     0     0     0     0     0
      0     0     0     0     0     0     0     0   879     0     0     0
      0     0     0     0]
 [    0     0     0     0     0     0     0     0     0     0     0     0
      0     0     0     0     0     0     0     0   160     0     0     0
      0     0     0     0]
 [    0     0     0     0     1     0     0     0     0     0     0     0
      0     0     0     0     0     0     0     0   963     0     0     0
      0     0     0     0]
 [    0     0     0     0     0     0     0     0     0     0     0     0
      0     0     0     0     0     0     0     0   160     0     0     0
      0     0     0     0]
 [    0     0     0     0     0     0     0     0     0     0     0     0
      0     0     0     0     0     0     0     0   305     0     0     0
      0     0     0     0]
 [    0     0     0     0     0     0     0     0     0     0     0     0
      0     0     0     0     0     0     0     0   758     0     0     0
      0     0     0     0]
 [    0     0     0     0     0     0     0     0     0     0     0     0
      0     0     0     0     0     0     0     0   695     0     0     0
      0     0     0     0]]

Top DT Classification report:
              precision    recall  f1-score   support

           0       0.00      0.00      0.00      2111
           1       0.00      0.00      0.00      1217
           2       0.00      0.00      0.00      1022
           3       0.00      0.00      0.00      1675
           4       0.00      0.00      0.00      2297
           5       0.00      0.00      0.00       684
           6       0.00      0.00      0.00      1011
           7       0.00      0.00      0.00      1189
           8       0.00      0.00      0.00       409
           9       0.00      0.00      0.00       887
          10       0.00      0.00      0.00      1518
          11       0.00      0.00      0.00       551
          12       0.00      0.00      0.00       327
          13       0.00      0.00      0.00       618
          14       0.00      0.00      0.00       357
          15       0.00      0.00      0.00      1402
          16       0.00      0.00      0.00        78
          17       0.00      0.00      0.00       893
          18       0.00      0.00      0.00       984
          19       0.00      0.00      0.00       145
          20       0.32      1.00      0.49     11068
          21       0.00      0.00      0.00       879
          22       0.00      0.00      0.00       160
          23       0.00      0.00      0.00       964
          24       0.00      0.00      0.00       160
          25       0.00      0.00      0.00       305
          26       0.00      0.00      0.00       758
          27       0.00      0.00      0.00       695

    accuracy                           0.32     34364
   macro avg       0.01      0.04      0.02     34364
weighted avg       0.10      0.32      0.16     34364


---------------------------------------------------------------------
Sentiments Decision Tree:
Accuracy(without criterion) : 0.5439122337329764
Best hyper parameters{'criterion': 'gini', 'max_depth': 6, 'min_samples_split': 6}
Best Score 0.40559886580713583
Base DT confusion matrix
[[1833  626  875  444]
 [ 827 4681 1466  719]
 [1657 2584 5181 1717]
 [ 855 1326 2577 6996]]

Base DT Classification report:
              precision    recall  f1-score   support

           0       0.35      0.49      0.41      3778
           1       0.51      0.61      0.55      7693
           2       0.51      0.47      0.49     11139
           3       0.71      0.60      0.65     11754

    accuracy                           0.54     34364
   macro avg       0.52      0.54      0.52     34364
weighted avg       0.56      0.54      0.55     34364


Top DT confusion matrix
[[    1    14  3631   132]
 [    0   277  7116   300]
 [    0    53 10597   489]
 [    0    76  8611  3067]]

Top DT Classification report:
              precision    recall  f1-score   support

           0       1.00      0.00      0.00      3778
           1       0.66      0.04      0.07      7693
           2       0.35      0.95      0.52     11139
           3       0.77      0.26      0.39     11754

    accuracy                           0.41     34364
   macro avg       0.70      0.31      0.24     34364
weighted avg       0.64      0.41      0.32     34364


------------------------------------------------------------------------------------------------------------------------------------
Multi Layered Perceptron analysis: 
Accuracy of the dataset using emotions as a target using Base Multi-Layered Perceptron is: 0.32208124781748343
Accuracy of the dataset using emotions as a target using top Multi-Layered Perceptron in gridsearchCV: 0.32208124781748343
Confusion Matrix of base MLP emotions:
[[    0     0     0     0     0     0     0     0     0     0     0     0
      0     0     0     0     0     0     0     0  2111     0     0     0
      0     0     0     0]
 [    0     0     0     0     0     0     0     0     0     0     0     0
      0     0     0     0     0     0     0     0  1217     0     0     0
      0     0     0     0]
 [    0     0     0     0     0     0     0     0     0     0     0     0
      0     0     0     0     0     0     0     0  1022     0     0     0
      0     0     0     0]
 [    0     0     0     0     0     0     0     0     0     0     0     0
      0     0     0     0     0     0     0     0  1675     0     0     0
      0     0     0     0]
 [    0     0     0     0     0     0     0     0     0     0     0     0
      0     0     0     0     0     0     0     0  2297     0     0     0
      0     0     0     0]
 [    0     0     0     0     0     0     0     0     0     0     0     0
      0     0     0     0     0     0     0     0   684     0     0     0
      0     0     0     0]
 [    0     0     0     0     0     0     0     0     0     0     0     0
      0     0     0     0     0     0     0     0  1011     0     0     0
      0     0     0     0]
 [    0     0     0     0     0     0     0     0     0     0     0     0
      0     0     0     0     0     0     0     0  1189     0     0     0
      0     0     0     0]
 [    0     0     0     0     0     0     0     0     0     0     0     0
      0     0     0     0     0     0     0     0   409     0     0     0
      0     0     0     0]
 [    0     0     0     0     0     0     0     0     0     0     0     0
      0     0     0     0     0     0     0     0   887     0     0     0
      0     0     0     0]
 [    0     0     0     0     0     0     0     0     0     0     0     0
      0     0     0     0     0     0     0     0  1518     0     0     0
      0     0     0     0]
 [    0     0     0     0     0     0     0     0     0     0     0     0
      0     0     0     0     0     0     0     0   551     0     0     0
      0     0     0     0]
 [    0     0     0     0     0     0     0     0     0     0     0     0
      0     0     0     0     0     0     0     0   327     0     0     0
      0     0     0     0]
 [    0     0     0     0     0     0     0     0     0     0     0     0
      0     0     0     0     0     0     0     0   618     0     0     0
      0     0     0     0]
 [    0     0     0     0     0     0     0     0     0     0     0     0
      0     0     0     0     0     0     0     0   357     0     0     0
      0     0     0     0]
 [    0     0     0     0     0     0     0     0     0     0     0     0
      0     0     0     0     0     0     0     0  1402     0     0     0
      0     0     0     0]
 [    0     0     0     0     0     0     0     0     0     0     0     0
      0     0     0     0     0     0     0     0    78     0     0     0
      0     0     0     0]
 [    0     0     0     0     0     0     0     0     0     0     0     0
      0     0     0     0     0     0     0     0   893     0     0     0
      0     0     0     0]
 [    0     0     0     0     0     0     0     0     0     0     0     0
      0     0     0     0     0     0     0     0   984     0     0     0
      0     0     0     0]
 [    0     0     0     0     0     0     0     0     0     0     0     0
      0     0     0     0     0     0     0     0   145     0     0     0
      0     0     0     0]
 [    0     0     0     0     0     0     0     0     0     0     0     0
      0     0     0     0     0     0     0     0 11068     0     0     0
      0     0     0     0]
 [    0     0     0     0     0     0     0     0     0     0     0     0
      0     0     0     0     0     0     0     0   879     0     0     0
      0     0     0     0]
 [    0     0     0     0     0     0     0     0     0     0     0     0
      0     0     0     0     0     0     0     0   160     0     0     0
      0     0     0     0]
 [    0     0     0     0     0     0     0     0     0     0     0     0
      0     0     0     0     0     0     0     0   964     0     0     0
      0     0     0     0]
 [    0     0     0     0     0     0     0     0     0     0     0     0
      0     0     0     0     0     0     0     0   160     0     0     0
      0     0     0     0]
 [    0     0     0     0     0     0     0     0     0     0     0     0
      0     0     0     0     0     0     0     0   305     0     0     0
      0     0     0     0]
 [    0     0     0     0     0     0     0     0     0     0     0     0
      0     0     0     0     0     0     0     0   758     0     0     0
      0     0     0     0]
 [    0     0     0     0     0     0     0     0     0     0     0     0
      0     0     0     0     0     0     0     0   695     0     0     0
      0     0     0     0]]
Classification report of base MLP emotions: 
              precision    recall  f1-score   support

           0       0.00      0.00      0.00      2111
           1       0.00      0.00      0.00      1217
           2       0.00      0.00      0.00      1022
           3       0.00      0.00      0.00      1675
           4       0.00      0.00      0.00      2297
           5       0.00      0.00      0.00       684
           6       0.00      0.00      0.00      1011
           7       0.00      0.00      0.00      1189
           8       0.00      0.00      0.00       409
           9       0.00      0.00      0.00       887
          10       0.00      0.00      0.00      1518
          11       0.00      0.00      0.00       551
          12       0.00      0.00      0.00       327
          13       0.00      0.00      0.00       618
          14       0.00      0.00      0.00       357
          15       0.00      0.00      0.00      1402
          16       0.00      0.00      0.00        78
          17       0.00      0.00      0.00       893
          18       0.00      0.00      0.00       984
          19       0.00      0.00      0.00       145
          20       0.32      1.00      0.49     11068
          21       0.00      0.00      0.00       879
          22       0.00      0.00      0.00       160
          23       0.00      0.00      0.00       964
          24       0.00      0.00      0.00       160
          25       0.00      0.00      0.00       305
          26       0.00      0.00      0.00       758
          27       0.00      0.00      0.00       695

    accuracy                           0.32     34364
   macro avg       0.01      0.04      0.02     34364
weighted avg       0.10      0.32      0.16     34364


Confusion Matrix of ToP MLP emotions:
[[    0     0     0     0     0     0     0     0     0     0     0     0
      0     0     0     0     0     0     0     0  2111     0     0     0
      0     0     0     0]
 [    0     0     0     0     0     0     0     0     0     0     0     0
      0     0     0     0     0     0     0     0  1217     0     0     0
      0     0     0     0]
 [    0     0     0     0     0     0     0     0     0     0     0     0
      0     0     0     0     0     0     0     0  1022     0     0     0
      0     0     0     0]
 [    0     0     0     0     0     0     0     0     0     0     0     0
      0     0     0     0     0     0     0     0  1675     0     0     0
      0     0     0     0]
 [    0     0     0     0     0     0     0     0     0     0     0     0
      0     0     0     0     0     0     0     0  2297     0     0     0
      0     0     0     0]
 [    0     0     0     0     0     0     0     0     0     0     0     0
      0     0     0     0     0     0     0     0   684     0     0     0
      0     0     0     0]
 [    0     0     0     0     0     0     0     0     0     0     0     0
      0     0     0     0     0     0     0     0  1011     0     0     0
      0     0     0     0]
 [    0     0     0     0     0     0     0     0     0     0     0     0
      0     0     0     0     0     0     0     0  1189     0     0     0
      0     0     0     0]
 [    0     0     0     0     0     0     0     0     0     0     0     0
      0     0     0     0     0     0     0     0   409     0     0     0
      0     0     0     0]
 [    0     0     0     0     0     0     0     0     0     0     0     0
      0     0     0     0     0     0     0     0   887     0     0     0
      0     0     0     0]
 [    0     0     0     0     0     0     0     0     0     0     0     0
      0     0     0     0     0     0     0     0  1518     0     0     0
      0     0     0     0]
 [    0     0     0     0     0     0     0     0     0     0     0     0
      0     0     0     0     0     0     0     0   551     0     0     0
      0     0     0     0]
 [    0     0     0     0     0     0     0     0     0     0     0     0
      0     0     0     0     0     0     0     0   327     0     0     0
      0     0     0     0]
 [    0     0     0     0     0     0     0     0     0     0     0     0
      0     0     0     0     0     0     0     0   618     0     0     0
      0     0     0     0]
 [    0     0     0     0     0     0     0     0     0     0     0     0
      0     0     0     0     0     0     0     0   357     0     0     0
      0     0     0     0]
 [    0     0     0     0     0     0     0     0     0     0     0     0
      0     0     0     0     0     0     0     0  1402     0     0     0
      0     0     0     0]
 [    0     0     0     0     0     0     0     0     0     0     0     0
      0     0     0     0     0     0     0     0    78     0     0     0
      0     0     0     0]
 [    0     0     0     0     0     0     0     0     0     0     0     0
      0     0     0     0     0     0     0     0   893     0     0     0
      0     0     0     0]
 [    0     0     0     0     0     0     0     0     0     0     0     0
      0     0     0     0     0     0     0     0   984     0     0     0
      0     0     0     0]
 [    0     0     0     0     0     0     0     0     0     0     0     0
      0     0     0     0     0     0     0     0   145     0     0     0
      0     0     0     0]
 [    0     0     0     0     0     0     0     0     0     0     0     0
      0     0     0     0     0     0     0     0 11068     0     0     0
      0     0     0     0]
 [    0     0     0     0     0     0     0     0     0     0     0     0
      0     0     0     0     0     0     0     0   879     0     0     0
      0     0     0     0]
 [    0     0     0     0     0     0     0     0     0     0     0     0
      0     0     0     0     0     0     0     0   160     0     0     0
      0     0     0     0]
 [    0     0     0     0     0     0     0     0     0     0     0     0
      0     0     0     0     0     0     0     0   964     0     0     0
      0     0     0     0]
 [    0     0     0     0     0     0     0     0     0     0     0     0
      0     0     0     0     0     0     0     0   160     0     0     0
      0     0     0     0]
 [    0     0     0     0     0     0     0     0     0     0     0     0
      0     0     0     0     0     0     0     0   305     0     0     0
      0     0     0     0]
 [    0     0     0     0     0     0     0     0     0     0     0     0
      0     0     0     0     0     0     0     0   758     0     0     0
      0     0     0     0]
 [    0     0     0     0     0     0     0     0     0     0     0     0
      0     0     0     0     0     0     0     0   695     0     0     0
      0     0     0     0]]
Classification report of Top MLP emotions: 
              precision    recall  f1-score   support

           0       0.00      0.00      0.00      2111
           1       0.00      0.00      0.00      1217
           2       0.00      0.00      0.00      1022
           3       0.00      0.00      0.00      1675
           4       0.00      0.00      0.00      2297
           5       0.00      0.00      0.00       684
           6       0.00      0.00      0.00      1011
           7       0.00      0.00      0.00      1189
           8       0.00      0.00      0.00       409
           9       0.00      0.00      0.00       887
          10       0.00      0.00      0.00      1518
          11       0.00      0.00      0.00       551
          12       0.00      0.00      0.00       327
          13       0.00      0.00      0.00       618
          14       0.00      0.00      0.00       357
          15       0.00      0.00      0.00      1402
          16       0.00      0.00      0.00        78
          17       0.00      0.00      0.00       893
          18       0.00      0.00      0.00       984
          19       0.00      0.00      0.00       145
          20       0.32      1.00      0.49     11068
          21       0.00      0.00      0.00       879
          22       0.00      0.00      0.00       160
          23       0.00      0.00      0.00       964
          24       0.00      0.00      0.00       160
          25       0.00      0.00      0.00       305
          26       0.00      0.00      0.00       758
          27       0.00      0.00      0.00       695

    accuracy                           0.32     34364
   macro avg       0.01      0.04      0.02     34364
weighted avg       0.10      0.32      0.16     34364

Accuracy of the dataset using sentiments as a target using base Multi-Layered Perceptron is: 0.5653881969502969
Accuracy of the dataset using emotions as a target using top Multi-Layered Perceptron in gridsearchCV:0.5674543126527761
Confusion Matrix of base MLP sentiments:
[[ 922  473 1806  577]
 [ 285 3894 2640  874]
 [ 589 1664 6773 2113]
 [ 264  816 2834 7840]]
Classification report of base MLP sentiments: 
              precision    recall  f1-score   support

           0       0.45      0.24      0.32      3778
           1       0.57      0.51      0.54      7693
           2       0.48      0.61      0.54     11139
           3       0.69      0.67      0.68     11754

    accuracy                           0.57     34364
   macro avg       0.55      0.51      0.52     34364
weighted avg       0.57      0.57      0.56     34364

Confusion Matrix of Top MLP sentiments:
[[ 958  581 1617  622]
 [ 330 4359 2085  919]
 [ 634 2107 6074 2324]
 [ 276 1045 2324 8109]]
Classification report of Top MLP sentiments: 
              precision    recall  f1-score   support

           0       0.44      0.25      0.32      3778
           1       0.54      0.57      0.55      7693
           2       0.50      0.55      0.52     11139
           3       0.68      0.69      0.68     11754

    accuracy                           0.57     34364
   macro avg       0.54      0.51      0.52     34364
weighted avg       0.56      0.57      0.56     34364

English stop words analysisConfusion Matrix of emotions using MNB with english stop words: 
Confusion Matrix of MNB emotions:
[[ 874   13    2    8   39    4    0    9    1    1    8    1    0    5
     1   49    0   15   45    0  992   10    0    5    0    0    0   17]
 [  31  392    5   18   12    1    0    2    2    1    5    2    0    2
     1    9    0   16   12    0  742    2    0    4    0    0    1    5]
 [   9    8  139   53   16    2    1    2    1    7   25    4    0    0
     1    7    0    1    2    0  746    3    0    3    0    1    1    1]
 [  24   17   63  119   25    7    7    7    3   11   34   12    1    0
     2   17    0    4    6    0 1260    6    0    2    0    0    8    9]
 [  98   20    7   27  219    5    7    5    2    3   28    4    1    8
     3   16    0   12   23    0 1710   14    0   15    0    2    3    3]
 [  18    3    4    1   15   24    0    2    0    4    2    0    0    2
     3   19    0    5    6    0  570   20    0    2    0    1    4    1]
 [  15    8    4   10   20    0   50   17    0    1   13    2    0    3
     0    7    0    1    2    0  821    2    0    4    0    0    3    5]
 [  22   11    3   15   21    4   21  108    0    0   10    0    0    1
     0    7    0    1    4    0  919    5    0    7    0    0    1   10]
 [  13    2    0    2    8    1    2    1   20    1    2    0    0    1
     0    5    0    1    5    0  366   24    0    0    0    1    1    0]
 [  14    2    4   22   15    1    7    1    2   46   19    7    0    3
     2    6    0    2    0    0  754    7    0    2    0    2   23    7]
 [  12   18   11   31   38    3    3    4    0    5   94   10    3    0
     2    8    0    2    3    0 1291    2    0    5    0    0    7    5]
 [   8    3   34   32   10    2    2    2    0    4   16   49    1    0
     4    2    0    1    1    0  406    0    0    0    0    0    1    2]
 [   3    6    4   12    1    0    2    0    0    1    3    4    8    2
     0    2    0    0    0    0  228    1    0    3    0    1    2    3]
 [  69    8   10    7   13    0    1    9    1    1    1    0    0   27
     1   10    0   37   10    0  398    4    0    2    0    0    1   16]
 [   4    1    2    4    4    0    0    3    0    2    2    7    1    1
    24    0    0    1    1    0  280    4    0    4    0    0    3    1]
 [  73    7    0    4    8    4    1    0    0    0    3    0    0    0
     0  953    0   17    5    0  291   13    0    2    0    1    1    1]
 [   1    1    0    1    0    0    0    0    0    0    1    0    0    0
     1    0    0    0    0    0   44    1    0    1    0    1    4    0]
 [  68   56    2    2   17    0    1    2    0    2    2    0    0    7
     0   28    0  124   39    0  544    4    0    2    0    0    1    5]
 [  85    4    0    2   14    0    0    0    1    1    1    0    0    0
     0    2    0    7  361    0  464    1    0    0    0    0    1    0]
 [   1    1    2    2    8    3    0    1    0    1    1    0    0    0
     1    1    0    0    0    1  145    1    0    0    0    0    0    0]
 [ 295  132   98  171  250   40   58   80   16   40  152   24    6   29
    11   77    0   41   76    0 9188   51    0   53    1    7   43   43]
 [  38    4    2    6   20    6    1    3    3    3    6    0    1    0
     0   14    0    6    8    0  642  154    0    1    0    0    1    3]
 [  16    0    1    2    2    0    0    1    0    0    3    0    0    0
     0    1    0    4    2    0   95    1    0    1    0    0    0    0]
 [  19   10    3   17   27    3    3    4    0    5   12    1    1    1
     1    7    0    5    3    0  794    2    0   24    0    3    2    4]
 [   9    2    0    1    8    1    0    1    0    1    0    0    0    0
     0   13    0    6    2    0  137    0    0    3    1    0    0    0]
 [   3    2    1    3    4    2    0    2    0    2    3    0    1    0
     0   10    0    0    0    0  217    2    0    1    0   33   24    0]
 [   9    4    4   12   12    4    2    0    0   10    7    0    0    0
     2    3    0    8    0    0  589    4    0    1    0   12   80    1]
 [  49    3    5    9    5    2    7    6    0    1    4    0    0    6
     2    3    0    6    4    0  522    0    0    4    0    0    0   82]]
Classification report of MNB emotions with english stop words: 
              precision    recall  f1-score   support

           0       0.46      0.42      0.44      2099
           1       0.53      0.31      0.39      1265
           2       0.34      0.13      0.19      1033
           3       0.20      0.07      0.11      1644
           4       0.26      0.10      0.14      2235
           5       0.20      0.03      0.06       706
           6       0.28      0.05      0.09       988
           7       0.40      0.09      0.15      1170
           8       0.38      0.04      0.08       456
           9       0.30      0.05      0.08       948
          10       0.21      0.06      0.09      1557
          11       0.39      0.08      0.14       580
          12       0.33      0.03      0.05       286
          13       0.28      0.04      0.07       626
          14       0.39      0.07      0.12       349
          15       0.75      0.69      0.72      1384
          16       0.00      0.00      0.00        56
          17       0.38      0.14      0.20       906
          18       0.58      0.38      0.46       944
          19       1.00      0.01      0.01       169
          20       0.37      0.84      0.51     10982
          21       0.46      0.17      0.24       922
          22       0.00      0.00      0.00       129
          23       0.16      0.03      0.04       951
          24       0.50      0.01      0.01       185
          25       0.51      0.11      0.18       310
          26       0.37      0.10      0.16       764
          27       0.37      0.11      0.17       720

    accuracy                           0.38     34364
   macro avg       0.37      0.15      0.18     34364
weighted avg       0.37      0.38      0.31     34364

Emotions Top MNB: 
Confusion Matrix of TMNB emotions using english stop words: 
[[1014   20    7   15   57    9    3   16    2    3   15    4    0    9
     3   60    0   23   60    0  718   24    1   13    2    0    1   20]
 [  40  567    9   26   23    4    0    3    4    2   10    5    0   10
     1   11    0   25   12    0  491    3    0    7    0    2    2    8]
 [  14   11  199   83   15    5    4    3    6   13   35   12    2    0
     3    6    0    2    7    0  600    3    0    5    0    1    2    2]
 [  27   30   91  178   41   13   17   14    7   22   46   25    5    2
     7   18    1    6    8    0 1022   10    1   13    0    0   21   19]
 [ 116   30   13   42  309   16   17   10    7   13   54    5    1   12
     5   21    0   16   35    0 1435   28    0   28    0    4    5   13]
 [  24    5    6   10   23   76    1    2    3    6    7    1    0    3
     4   20    0    8    8    0  451   28    0    4    0    4   10    2]
 [  17   19    6   21   32    2   90   40    1    4   24    4    0    5
     3    6    0    2    3    0  676    4    0    7    0    2    9   11]
 [  23   15    6   23   25    6   38  168    0    0   12    1    1    6
     3    8    0    1   10    0  785    9    0   12    0    1    1   16]
 [  14    4    2    3   12    5    2    4   46    6    2    1    0    1
     0    6    0    7    6    0  295   32    0    3    0    0    3    2]
 [  18    5   10   43   24    3   11    5    2   73   28   13    0    6
     4    8    0    7    2    0  613    9    0    7    0    3   41   13]
 [  17   25   27   57   53    8    6   10    0   21  155   16    8    0
     4   13    0    5    8    0 1078    9    0   11    2    1   16    7]
 [   8    6   46   55   11    2    8    2    0    7   22   95    2    0
     6    2    0    2    2    0  297    1    0    0    0    0    4    2]
 [   5    8    4   22    3    1    4    0    0    2    2    7   19    3
     0    5    0    3    0    0  177    1    0    8    0    2    5    5]
 [  77   11   10    8   16    6    0   13    4    1    3    0    0   55
     1   15    0   42   10    0  317    8    0    3    0    0    4   22]
 [   5    4    2    8    3    5    1    3    0    4    5   12    1    1
    67    3    0    1    2    0  209    4    0    3    0    0    5    1]
 [  85    9    0    4   14    5    1    1    0    0    8    0    0    3
     0 1025    0   17   10    0  170   20    1    3    0    4    1    3]
 [   1    1    1    1    1    0    0    0    1    0    1    0    0    0
     1    0    0    0    0    0   38    2    0    1    0    3    4    0]
 [  78   83    2    6   27    2    2    3    1    3    4    0    0   13
     2   38    0  185   58    0  375    7    0    5    1    0    1   10]
 [  96    3    0    3   11    2    2    0    3    4    1    0    0    6
     0    3    0   12  468    0  327    1    0    1    0    0    1    0]
 [   1    1    4    4    8    8    1    1    0    4    3    0    1    0
     4    1    0    0    0    4  120    2    0    0    0    0    2    0]
 [ 339  210  154  258  376   96   99  144   45   90  266   46   12   63
    23  112    3   76  111    2 8034  120    3  117    3   17   82   81]
 [  43    7    2   12   24   15    3    7   11    6   10    0    2    0
     1   13    0    9   11    0  505  227    0    3    0    1    4    6]
 [  20    1    1    2    2    2    0    1    1    5    3    0    0    0
     0    2    0    8    2    0   75    1    2    1    0    0    0    0]
 [  23   15    7   19   41   10    6   12    3    5   20    1    1    5
     2   11    0    7    5    1  663    9    0   55    0    5    8   17]
 [  10    3    1    1   12    3    1    1    0    4    0    1    0    0
     0   20    0   14    3    0  100    3    0    4    2    0    2    0]
 [   2    3    1    5    4    3    1    0    1    7   11    1    1    0
     1   17    0    0    1    0  144    3    0    2    0   61   39    2]
 [  12    4   10   19   16    9    4    3    2   23   16    0    0    0
     1    6    0    9    3    0  463    5    0    3    0   24  128    4]
 [  59    8    6   11   14    3   12   11    0    4    7    1    0   13
     3    5    0    6    4    0  405    3    0    7    0    0    1  137]]
Classification report for emotions using english stop words:
              precision    recall  f1-score   support

           0       0.46      0.48      0.47      2099
           1       0.51      0.45      0.48      1265
           2       0.32      0.19      0.24      1033
           3       0.19      0.11      0.14      1644
           4       0.26      0.14      0.18      2235
           5       0.24      0.11      0.15       706
           6       0.27      0.09      0.14       988
           7       0.35      0.14      0.20      1170
           8       0.31      0.10      0.15       456
           9       0.22      0.08      0.11       948
          10       0.20      0.10      0.13      1557
          11       0.38      0.16      0.23       580
          12       0.34      0.07      0.11       286
          13       0.25      0.09      0.13       626
          14       0.45      0.19      0.27       349
          15       0.70      0.74      0.72      1384
          16       0.00      0.00      0.00        56
          17       0.38      0.20      0.26       906
          18       0.55      0.50      0.52       944
          19       0.57      0.02      0.05       169
          20       0.39      0.73      0.51     10982
          21       0.39      0.25      0.30       922
          22       0.25      0.02      0.03       129
          23       0.17      0.06      0.09       951
          24       0.20      0.01      0.02       185
          25       0.45      0.20      0.27       310
          26       0.32      0.17      0.22       764
          27       0.34      0.19      0.24       720

    accuracy                           0.39     34364
   macro avg       0.34      0.20      0.23     34364
weighted avg       0.36      0.39      0.34     34364


----------------------------------------------------------------------Confusion Matrix of sentiments using MNB with english stop words: 
Confusion Matrix of MNB sentiments:
[[ 874   13    2    8   39    4    0    9    1    1    8    1    0    5
     1   49    0   15   45    0  992   10    0    5    0    0    0   17]
 [  31  392    5   18   12    1    0    2    2    1    5    2    0    2
     1    9    0   16   12    0  742    2    0    4    0    0    1    5]
 [   9    8  139   53   16    2    1    2    1    7   25    4    0    0
     1    7    0    1    2    0  746    3    0    3    0    1    1    1]
 [  24   17   63  119   25    7    7    7    3   11   34   12    1    0
     2   17    0    4    6    0 1260    6    0    2    0    0    8    9]
 [  98   20    7   27  219    5    7    5    2    3   28    4    1    8
     3   16    0   12   23    0 1710   14    0   15    0    2    3    3]
 [  18    3    4    1   15   24    0    2    0    4    2    0    0    2
     3   19    0    5    6    0  570   20    0    2    0    1    4    1]
 [  15    8    4   10   20    0   50   17    0    1   13    2    0    3
     0    7    0    1    2    0  821    2    0    4    0    0    3    5]
 [  22   11    3   15   21    4   21  108    0    0   10    0    0    1
     0    7    0    1    4    0  919    5    0    7    0    0    1   10]
 [  13    2    0    2    8    1    2    1   20    1    2    0    0    1
     0    5    0    1    5    0  366   24    0    0    0    1    1    0]
 [  14    2    4   22   15    1    7    1    2   46   19    7    0    3
     2    6    0    2    0    0  754    7    0    2    0    2   23    7]
 [  12   18   11   31   38    3    3    4    0    5   94   10    3    0
     2    8    0    2    3    0 1291    2    0    5    0    0    7    5]
 [   8    3   34   32   10    2    2    2    0    4   16   49    1    0
     4    2    0    1    1    0  406    0    0    0    0    0    1    2]
 [   3    6    4   12    1    0    2    0    0    1    3    4    8    2
     0    2    0    0    0    0  228    1    0    3    0    1    2    3]
 [  69    8   10    7   13    0    1    9    1    1    1    0    0   27
     1   10    0   37   10    0  398    4    0    2    0    0    1   16]
 [   4    1    2    4    4    0    0    3    0    2    2    7    1    1
    24    0    0    1    1    0  280    4    0    4    0    0    3    1]
 [  73    7    0    4    8    4    1    0    0    0    3    0    0    0
     0  953    0   17    5    0  291   13    0    2    0    1    1    1]
 [   1    1    0    1    0    0    0    0    0    0    1    0    0    0
     1    0    0    0    0    0   44    1    0    1    0    1    4    0]
 [  68   56    2    2   17    0    1    2    0    2    2    0    0    7
     0   28    0  124   39    0  544    4    0    2    0    0    1    5]
 [  85    4    0    2   14    0    0    0    1    1    1    0    0    0
     0    2    0    7  361    0  464    1    0    0    0    0    1    0]
 [   1    1    2    2    8    3    0    1    0    1    1    0    0    0
     1    1    0    0    0    1  145    1    0    0    0    0    0    0]
 [ 295  132   98  171  250   40   58   80   16   40  152   24    6   29
    11   77    0   41   76    0 9188   51    0   53    1    7   43   43]
 [  38    4    2    6   20    6    1    3    3    3    6    0    1    0
     0   14    0    6    8    0  642  154    0    1    0    0    1    3]
 [  16    0    1    2    2    0    0    1    0    0    3    0    0    0
     0    1    0    4    2    0   95    1    0    1    0    0    0    0]
 [  19   10    3   17   27    3    3    4    0    5   12    1    1    1
     1    7    0    5    3    0  794    2    0   24    0    3    2    4]
 [   9    2    0    1    8    1    0    1    0    1    0    0    0    0
     0   13    0    6    2    0  137    0    0    3    1    0    0    0]
 [   3    2    1    3    4    2    0    2    0    2    3    0    1    0
     0   10    0    0    0    0  217    2    0    1    0   33   24    0]
 [   9    4    4   12   12    4    2    0    0   10    7    0    0    0
     2    3    0    8    0    0  589    4    0    1    0   12   80    1]
 [  49    3    5    9    5    2    7    6    0    1    4    0    0    6
     2    3    0    6    4    0  522    0    0    4    0    0    0   82]]
Classification report of MNB sentiments with english stop words: 
              precision    recall  f1-score   support

           0       0.46      0.42      0.44      2099
           1       0.53      0.31      0.39      1265
           2       0.34      0.13      0.19      1033
           3       0.20      0.07      0.11      1644
           4       0.26      0.10      0.14      2235
           5       0.20      0.03      0.06       706
           6       0.28      0.05      0.09       988
           7       0.40      0.09      0.15      1170
           8       0.38      0.04      0.08       456
           9       0.30      0.05      0.08       948
          10       0.21      0.06      0.09      1557
          11       0.39      0.08      0.14       580
          12       0.33      0.03      0.05       286
          13       0.28      0.04      0.07       626
          14       0.39      0.07      0.12       349
          15       0.75      0.69      0.72      1384
          16       0.00      0.00      0.00        56
          17       0.38      0.14      0.20       906
          18       0.58      0.38      0.46       944
          19       1.00      0.01      0.01       169
          20       0.37      0.84      0.51     10982
          21       0.46      0.17      0.24       922
          22       0.00      0.00      0.00       129
          23       0.16      0.03      0.04       951
          24       0.50      0.01      0.01       185
          25       0.51      0.11      0.18       310
          26       0.37      0.10      0.16       764
          27       0.37      0.11      0.17       720

    accuracy                           0.38     34364
   macro avg       0.37      0.15      0.18     34364
weighted avg       0.37      0.38      0.31     34364

Sentiments Top MNBConfusion Matrix of TMNB sentiments using english stop words: 
[[  50  296 1317 2115]
 [ 105  581 2720 4287]
 [ 151  878 3917 6193]
 [ 171  880 4168 6535]]
Classification report for sentiments using english stop words:
              precision    recall  f1-score   support

           0       0.10      0.01      0.02      3778
           1       0.22      0.08      0.11      7693
           2       0.32      0.35      0.34     11139
           3       0.34      0.56      0.42     11754

    accuracy                           0.32     34364
   macro avg       0.25      0.25      0.22     34364
weighted avg       0.28      0.32      0.28     34364


--------------------------------------------------------------------Emotions Base Decision Tree: 
Confusion Matrix of DT emotions using english stop words: 
[[1178   40   17   37  126   17   14   26   14   14   20   12    1   45
     6   51    1   49   85    0  262   30    9   10    3    0    5   27]
 [  62  723   20   56   28   10   16    3    5   13    9    8    1   13
     2   13    1   62   18    0  165    5    1   14    0    1    7    9]
 [  19   21  379  143   35   14   21   15    4   37   31   26    6    0
     8    5    1    0    5    3  234    6    0    8    0    2    5    5]
 [  57   51  217  352  115   22   39   47   13   84   89   46   18    6
    12   16    6   11    5    3  371   12    0   16    0    2   18   16]
 [ 224   60   37  132  582   46   47   36   31   52   67   18    8   34
    10   24    2   24   40    5  672   23    2   26    4    8   12    9]
 [  36   15   21   38   78  185    4    4   17   12   20    1    3    6
     7   14    2   14   17    3  172   17    0    4    1    4   10    1]
 [  26   24   25   56   61   13  267  105    7   16   30   12    8   15
     5    5    3    2    5    4  271    3    0    8    0    1    6   10]
 [  44   18   30   67   49   20  143  373    3    9   17    2    2   20
     5    7    0    6   15    0  302    9    0    3    0    1    2   23]
 [  30    6    8   21   50    9    6   13  129   12    9    2    2    8
     1    7    0    8    7    0   95   23    0    6    0    0    3    1]
 [  25   22   50  118   63   21   29   17    9  186   58   22    7    5
    11    5    2    8    5    7  197    9    0   15    2    8   39    8]
 [  35   42   91  181  124   35   37   29   14   73  329   22    8    9
     6   11    1   12    6    3  438   10    0   15    2    1   15    8]
 [   9   12   82  101   22    6   13    5    0   27   37  122    8    1
     8    1    0    1    0    1  111    2    0    2    0    0    7    2]
 [   7   11   16   49   12    4    5    6    0   15   16   12   44    5
     0    3    0    4    1    2   53    0    0    3    0    7    7    4]
 [  98   26   13   22   36   11    9   25   20    9   10    6    0  118
     0   16    0   36   13    1  125    8    0    3    0    0    3   18]
 [   9    7   16   26   11   10    6    4    1    9    9   13    5    2
   136    1    0    1    2    2   62    4    0    5    1    0    5    2]
 [ 114   12    3   22   31   17    5    4    3    7    7    1    1   10
     0 1008    2   19    9    0   60   27    2    0    4    8    5    3]
 [   3    1    6    2    5    2    0    0    1    1    1    2    0    0
     2    1   10    0    0    0    9    0    0    1    0    3    5    1]
 [  98  126    8   18   68   15    6   11   12    5   13    3    1   40
     3   45    0  216   62    1  128    9    4    3    3    0    1    7]
 [ 155   15    5   17   39   18   10    2   14    8    8    3    2   15
     1   13    1   30  511    0   69    3    0    2    0    0    3    0]
 [   2    5    6   13   10   12   10    3    3   16    7    2    2    1
     9    1    0    0    1   22   37    1    0    1    0    2    3    0]
 [ 539  351  400  702 1026  236  395  389  142  272  499  114   56  136
    50   83   24  139  125   39 4842   95    7  119    6   32   80   84]
 [  81   16   10   44  102   42   17   14   54   19   20    5    5   11
     3   16    0   17   15    2  230  183    2    5    2    1    3    3]
 [  25    1    5    4   14    3    1    2    3    4    1    1    0    1
     0    6    1    8    0    0   38    3    6    1    0    0    1    0]
 [  41   28   25   68  119   20   32   21   12   36   49    8    7    8
     3    8    1   15    7    6  325   12    1   66    1    5   12   15]
 [  10    3    3    9   33    6    3    2    1    3    1    0    0    0
     0   14    0   15    1    1   54    1    2    3   18    0    2    0]
 [   5    5    6   19   11   12    3    2    3   23   14    0    6    2
     2   16    4    0    0    1   42    2    1    7    0   91   33    0]
 [  13   13   32   59   51   24   12    8    6   82   43    9    2    2
     9   12   13    4    6    6  151    3    1    9    1   33  156    4]
 [  65   25   18   46   42    6   31   48    2   24   16    4    7   23
     7    5    2    7    6    3  172    4    1   12    0    0    2  142]]
Classification report for emotions using english stop words:
              precision    recall  f1-score   support

           0       0.39      0.56      0.46      2099
           1       0.43      0.57      0.49      1265
           2       0.24      0.37      0.29      1033
           3       0.15      0.21      0.17      1644
           4       0.20      0.26      0.22      2235
           5       0.22      0.26      0.24       706
           6       0.23      0.27      0.25       988
           7       0.31      0.32      0.31      1170
           8       0.25      0.28      0.26       456
           9       0.17      0.20      0.18       948
          10       0.23      0.21      0.22      1557
          11       0.26      0.21      0.23       580
          12       0.21      0.15      0.18       286
          13       0.22      0.19      0.20       626
          14       0.44      0.39      0.42       349
          15       0.72      0.73      0.72      1384
          16       0.13      0.18      0.15        56
          17       0.31      0.24      0.27       906
          18       0.53      0.54      0.53       944
          19       0.19      0.13      0.15       169
          20       0.50      0.44      0.47     10982
          21       0.36      0.20      0.26       922
          22       0.15      0.05      0.07       129
          23       0.18      0.07      0.10       951
          24       0.38      0.10      0.15       185
          25       0.43      0.29      0.35       310
          26       0.35      0.20      0.26       764
          27       0.35      0.20      0.25       720

    accuracy                           0.36     34364
   macro avg       0.30      0.28      0.28     34364
weighted avg       0.37      0.36      0.36     34364


Emotions Top Decision Tree: 
Confusion Matrix of TDT emotions using english stop words: 
[[  228    16     0     0     0     0     0     0     0     0     0     0
      0     0     0    15     0     0    94     0  1730    16     0     0
      0     0     0     0]
 [    3   422     2     0     0     0     0     0     0     0     0     0
      0     0     0     8     0     0    15     0   807     5     0     0
      0     3     0     0]
 [    3     9     0     0     0     0     0     0     0     0     0     0
      0     0     0     5     0     0     7     0  1005     4     0     0
      0     0     0     0]
 [    6    19     1     0     0     0     0     0     0     0     0     0
      0     0     0    11     0     0    11     0  1586     9     0     0
      0     1     0     0]
 [   16    18     0     0     0     0     0     0     0     0     0     0
      0     0     0     2     0     0    45     0  2141    13     0     0
      0     0     0     0]
 [    3     5     0     0     0     0     0     0     0     0     0     0
      0     0     0     3     0     0    13     0   667    15     0     0
      0     0     0     0]
 [    4    11     0     0     0     0     0     0     0     0     0     0
      0     0     0     6     0     0     6     0   961     0     0     0
      0     0     0     0]
 [    3    10     0     0     0     0     0     0     0     0     0     0
      0     0     0     7     0     0    11     0  1135     3     0     0
      0     1     0     0]
 [    6     3     0     0     0     0     0     0     0     0     0     0
      0     0     0     2     0     0     9     0   410    26     0     0
      0     0     0     0]
 [    5     5     0     0     0     0     0     0     0     0     0     0
      0     0     0     5     0     0     3     0   926     4     0     0
      0     0     0     0]
 [    6    16     0     0     0     1     0     0     0     0     0     0
      0     0     0     8     0     0    16     0  1500    10     0     0
      0     0     0     0]
 [    2     3     0     0     0     0     0     0     0     0     0     0
      0     0     0     1     0     0     1     0   571     2     0     0
      0     0     0     0]
 [    3     3     0     0     0     0     0     0     0     0     0     0
      0     0     0     1     0     0     0     0   275     3     0     0
      0     1     0     0]
 [   11     7     1     0     0     0     0     0     0     0     0     0
      0     0     0     3     0     0    13     0   589     2     0     0
      0     0     0     0]
 [    0     5     0     0     0     0     0     0     0     0     0     0
      0     0     0     0     0     0     4     0   336     4     0     0
      0     0     0     0]
 [   22     5     0     0     0     0     0     0     0     0     0     0
      0     0     0  1008     0     0    13     0   328     8     0     0
      0     0     0     0]
 [    0     0     0     0     0     0     0     0     0     0     0     0
      0     0     0     0     0     0     0     0    55     1     0     0
      0     0     0     0]
 [   14    40     0     0     0     0     0     0     0     0     0     0
      0     0     0     5     0     0    51     0   788     8     0     0
      0     0     0     0]
 [    0    11     0     0     0     0     0     0     0     0     0     0
      0     0     0     3     0     0   577     0   350     3     0     0
      0     0     0     0]
 [    0     0     0     0     0     0     0     0     0     0     0     0
      0     0     0     1     0     0     2     0   163     3     0     0
      0     0     0     0]
 [   45   112     1     0     0     0     0     0     0     0     0     0
      0     0     0    59     0     0   132     0 10580    50     0     0
      0     3     0     0]
 [   18     6     0     0     0     0     0     0     0     0     0     0
      0     0     0     4     0     0    20     0   695   179     0     0
      0     0     0     0]
 [    1     1     0     0     0     0     0     0     0     0     0     0
      0     0     0     0     0     0     0     0   125     2     0     0
      0     0     0     0]
 [    5    12     0     0     0     0     0     0     0     0     0     0
      0     0     0     5     0     0     7     0   916     5     0     0
      0     1     0     0]
 [    1     3     0     0     0     0     0     0     0     0     0     0
      0     0     0     5     0     0     1     0   174     1     0     0
      0     0     0     0]
 [    2     2     0     0     0     0     0     0     0     0     0     0
      0     0     0     1     0     0     2     0   295     5     0     0
      0     3     0     0]
 [    4     2     0     0     0     0     0     0     0     0     0     0
      0     0     0     1     0     0     4     0   746     6     0     0
      0     1     0     0]
 [    0     3     0     0     0     0     0     0     0     0     0     0
      0     0     0     3     0     0     4     0   708     2     0     0
      0     0     0     0]]
Classification report for emotions using english stop words:
              precision    recall  f1-score   support

           0       0.55      0.11      0.18      2099
           1       0.56      0.33      0.42      1265
           2       0.00      0.00      0.00      1033
           3       0.00      0.00      0.00      1644
           4       0.00      0.00      0.00      2235
           5       0.00      0.00      0.00       706
           6       0.00      0.00      0.00       988
           7       0.00      0.00      0.00      1170
           8       0.00      0.00      0.00       456
           9       0.00      0.00      0.00       948
          10       0.00      0.00      0.00      1557
          11       0.00      0.00      0.00       580
          12       0.00      0.00      0.00       286
          13       0.00      0.00      0.00       626
          14       0.00      0.00      0.00       349
          15       0.86      0.73      0.79      1384
          16       0.00      0.00      0.00        56
          17       0.00      0.00      0.00       906
          18       0.54      0.61      0.58       944
          19       0.00      0.00      0.00       169
          20       0.35      0.96      0.51     10982
          21       0.46      0.19      0.27       922
          22       0.00      0.00      0.00       129
          23       0.00      0.00      0.00       951
          24       0.00      0.00      0.00       185
          25       0.21      0.01      0.02       310
          26       0.00      0.00      0.00       764
          27       0.00      0.00      0.00       720

    accuracy                           0.38     34364
   macro avg       0.13      0.11      0.10     34364
weighted avg       0.23      0.38      0.24     34364


----------------------------------------------------------------------Sentiments Base DT: 
Confusion Matrix of Base DT sentiments using english stop words :
[[ 582 1045 1183  968]
 [1209 2097 2487 1900]
 [1775 3057 3495 2812]
 [1902 3256 3660 2936]]
Classification report for sentiment using english stop words:
              precision    recall  f1-score   support

           0       0.11      0.15      0.13      3778
           1       0.22      0.27      0.24      7693
           2       0.32      0.31      0.32     11139
           3       0.34      0.25      0.29     11754

    accuracy                           0.27     34364
   macro avg       0.25      0.25      0.24     34364
weighted avg       0.28      0.27      0.27     34364


----------------------------------------------------------Sentiments Top DTConfusion Matrix of TDT sentiments using english stop words: 
[[    0     1     5  3772]
 [    0     2    10  7681]
 [    0     1    10 11128]
 [    0     0     9 11745]]
Classification report for sentiments using english stop words:
              precision    recall  f1-score   support

           0       0.00      0.00      0.00      3778
           1       0.50      0.00      0.00      7693
           2       0.29      0.00      0.00     11139
           3       0.34      1.00      0.51     11754

    accuracy                           0.34     34364
   macro avg       0.28      0.25      0.13     34364
weighted avg       0.32      0.34      0.18     34364


--------------------------------------------------------------------Confusion Matrix of Base MLP emotions using english stop words:
[[ 992   25    2    4   12    6    0    1    1    0    3    6    0    3
     6   40    0   25   81    0  834   25    0    0    0    0    2   31]
 [  30  746    7   11    2    0    0    0    3    0    0    2    1    0
     1    7    0   20   12    0  400    7    0    0    0    5    1   10]
 [  11   12  225   36    3    3    0    0    4    1    5    9    0    0
    10    5    0    3    4    0  690    3    0    0    0    4    3    2]
 [  29   34   77   89    8    4    1    0    7    1    8   24    3    1
    15   11    0    3   10    0 1280    9    0    2    0    5    7   16]
 [ 115   36    7   15  124    5    0    1    2    0    8    5    1    0
     4   11    0   13   50    0 1791   20    0    1    0    7    6   13]
 [  27    8    5    3    2   34    0    0    1    1    2    0    0    1
     8   13    0   11   12    0  520   33    0    0    0   15    7    3]
 [  16   19    8    7    4    1   37    1    0    0    5    4    0    4
     6    5    0    5    3    0  841    1    0    1    0    4    6   10]
 [  18   18    5    5    4    1    1   82    0    0    0    2    0    3
     3    8    0    4   10    0  971    5    0    1    0    1    1   27]
 [  16    5    2    2    0    1    0    0   92    0    0    0    0    1
     0    4    0   10   11    0  281   28    0    0    0    0    0    3]
 [  14    7    9   18    4    2    1    1    4   11    6   12    0    0
     7    5    0    4    5    0  777    5    0    0    0    9   36   11]
 [  23   26   21   19   14    2    2    0    1    0   21   14    3    1
     7   11    0    4   12    0 1333    8    0    0    0   10   13   12]
 [   0    7   49   19    3    0    0    0    0    0    3   86    0    0
    11    1    0    1    2    0  384    3    0    0    0    3    4    4]
 [   5    7    3    7    1    0    1    0    1    0    2    7   15    1
     0    1    0    0    0    0  205    3    0    3    0   12    1   11]
 [  83   13    6    2    8    2    0    1    3    0    1    1    0   39
     1   15    0   43   13    0  356    4    0    0    0    0    3   32]
 [   1    6    1    5    0    0    0    0    0    0    0    6    1    0
   107    0    0    0    3    0  207    4    0    0    0    1    3    4]
 [  82    9    0    1    3    4    0    0    1    0    1    0    0    0
     0 1069    0   31   11    0  126   21    0    0    0   20    4    1]
 [   2    2    0    3    0    0    0    0    0    0    0    0    0    0
     0    0    0    0    0    0   38    2    0    0    0    3    6    0]
 [  69  117    5    0    7    1    1    0    4    0    0    0    0    6
     1   26    0  223   57    0  368    8    0    0    0    1    1   11]
 [  61   10    2    1    1    0    0    0    1    0    0    0    0    0
     0    2    0    7  602    0  251    3    0    0    0    1    2    0]
 [   0    0    6    1    1    4    0    0    1    0    0    2    0    0
     3    1    0    0    1    0  142    3    0    0    0    1    2    1]
 [ 251  217   80   56   60   19    8   20   34    6   27   30    3    8
    23   71    0   63  137    0 9638   66    0    2    0   39   51   73]
 [  45    9    2    3    7    5    1    1   19    0    4    0    1    0
     0   12    0   15   19    0  514  257    0    0    0    2    2    4]
 [  18    1    1    0    0    0    0    0    1    0    0    0    0    0
     0    3    0    6    1    0   94    2    0    0    0    0    2    0]
 [  21   19    7    6    4    4    2    1    1    0    4    1    0    0
     2    7    0    8    6    0  808    5    0    9    0    6    3   27]
 [   7    3    2    0    1    0    0    0    0    0    0    0    0    0
     0   13    0   20    4    0  127    1    0    1    0    0    5    1]
 [   4    3    1    1    0    1    1    0    0    0    1    0    1    0
     2    2    0    0    0    0  124    5    0    0    0  145   18    1]
 [   7    5    8    5    4    3    1    0    5    2    2    7    0    0
     1    3    0    5    5    0  463    7    0    0    0   61  166    4]
 [  42    5   11    1    1    0    0    2    3    0    2    3    0    1
     1    3    0    6    4    0  436    1    0    0    0    2    2  194]]
Classification report of Base MLP emotions using english stop words: 
              precision    recall  f1-score   support

           0       0.50      0.47      0.49      2099
           1       0.54      0.59      0.57      1265
           2       0.41      0.22      0.28      1033
           3       0.28      0.05      0.09      1644
           4       0.45      0.06      0.10      2235
           5       0.33      0.05      0.08       706
           6       0.65      0.04      0.07       988
           7       0.74      0.07      0.13      1170
           8       0.49      0.20      0.29       456
           9       0.50      0.01      0.02       948
          10       0.20      0.01      0.03      1557
          11       0.39      0.15      0.21       580
          12       0.52      0.05      0.10       286
          13       0.57      0.06      0.11       626
          14       0.49      0.31      0.38       349
          15       0.79      0.77      0.78      1384
          16       0.00      0.00      0.00        56
          17       0.42      0.25      0.31       906
          18       0.56      0.64      0.60       944
          19       0.00      0.00      0.00       169
          20       0.40      0.88      0.55     10982
          21       0.48      0.28      0.35       922
          22       0.00      0.00      0.00       129
          23       0.45      0.01      0.02       951
          24       0.00      0.00      0.00       185
          25       0.41      0.47      0.43       310
          26       0.46      0.22      0.30       764
          27       0.38      0.27      0.32       720

    accuracy                           0.44     34364
   macro avg       0.41      0.22      0.24     34364
weighted avg       0.45      0.44      0.35     34364

Confusion Matrix of Base MLP sentiments:
[[   0    0 1999 1779]
 [   0    7 4040 3646]
 [   0    3 5844 5292]
 [   0    3 6217 5534]]
Classification report of Base MLP sentiments: 
              precision    recall  f1-score   support

           0       0.00      0.00      0.00      3778
           1       0.54      0.00      0.00      7693
           2       0.32      0.52      0.40     11139
           3       0.34      0.47      0.40     11754

    accuracy                           0.33     34364
   macro avg       0.30      0.25      0.20     34364
weighted avg       0.34      0.33      0.27     34364

Confusion Matrix of ToP MLP emotions using english stop words:
[[1013   28    4    2    7    2    0    2    1    0    2    6    0    0
     1   37    0   22   75    0  834   28    0    0    0    1    1   33]
 [  32  771   15    5    2    0    0    0    4    0    0    2    0    0
     0    7    0   18   13    0  375    6    0    0    0    4    1   10]
 [  10   13  263   12    2    0    0    0    4    0    8   15    0    0
     1    5    0    3    5    0  674    6    0    0    0    3    8    1]
 [  30   45  113   34    4    4    0    0    6    1    7   31    1    0
     6   11    0    4    9    0 1297   10    0    0    0    5    9   17]
 [ 124   36   13    3   93    2    0    0    2    0    9    7    0    0
     2    9    0   14   50    0 1813   23    0    0    0    8   11   16]
 [  24    9    9    0    0   10    0    0    2    0    1    3    0    0
     8   13    0   11   14    0  537   37    0    0    0   15   11    2]
 [  18   21   12    2    3    1   35    0    0    0    6    7    0    3
     3    7    0    4    2    0  840    0    0    0    0    6    6   12]
 [  28   21   13    3    2    0    1   79    1    0    5    1    0    0
     1    8    0    5   10    0  959    5    0    0    0    3    2   23]
 [  21    9    2    0    0    1    0    0   86    0    0    0    0    0
     0    4    0    8   11    0  275   35    0    0    0    0    2    2]
 [  14    9   16    5    2    2    1    0    3    7    7   15    0    0
     5    7    0    3    4    0  788    6    0    0    0   11   31   12]
 [  19   28   33    8    7    0    1    0    1    0   18   20    1    0
     1   10    0    5   14    0 1340   12    0    0    0    8   19   12]
 [   1    7   65    6    0    0    1    0    0    0    6   89    0    0
     3    1    0    1    2    0  383    3    0    0    0    3    5    4]
 [   9    8   12    1    1    0    1    2    0    0    0    8    0    1
     1    1    0    0    0    0  214    3    0    0    0   12    2   10]
 [ 103   14   10    0    6    0    0    1    3    0    1    1    0   18
     0   16    0   40   16    0  361    5    0    0    0    0    2   29]
 [   0    7    4    1    0    1    0    0    0    0    1   16    1    0
    48    0    0    0    4    0  250    4    0    0    0    1    7    4]
 [  80   10    0    1    1    2    0    0    1    0    1    0    0    0
     0 1072    0   29   14    0  117   33    0    0    0   19    3    1]
 [   0    2    0    0    0    0    0    0    0    0    0    2    0    0
     0    2    0    0    0    0   39    2    0    0    0    4    5    0]
 [  68  121    6    0    6    0    1    0    3    0    0    0    0    3
     0   32    0  212   61    0  373    8    0    0    0    1    3    8]
 [  59    6    2    0    1    0    0    0    0    0    0    0    0    0
     0    2    0   13  597    0  257    4    0    0    0    1    2    0]
 [   1    0    7    1    1    2    0    0    0    1    0    3    0    0
     7    1    0    0    2    0  133    3    0    0    0    1    4    2]
 [ 264  229  122   18   34    8    7   18   28    1   31   38    0    4
    13   81    0   62  144    0 9639   75    0    0    0   38   62   66]
 [  40    8    2    3    5    2    0    1   20    0    3    2    0    0
     2   11    0   14   19    0  501  280    0    0    0    2    3    4]
 [  18    2    1    0    0    0    0    0    1    0    0    0    0    0
     0    1    0    7    3    0   93    2    0    0    0    0    1    0]
 [  19   24    9    2    4    1    2    3    2    0    1    2    0    0
     2    7    0    7    5    0  811    7    0    0    0    8    6   29]
 [  10    3    2    0    1    0    0    0    0    0    0    0    0    0
     0   16    0   16    5    0  127    1    0    0    0    0    4    0]
 [   2    5    0    1    0    1    1    0    0    0    0    0    1    0
     2    4    0    0    1    0  121    4    0    0    0  147   19    1]
 [   6    8   14    0    2    0    0    0    4    0    1    7    0    0
     1    6    0    5    4    0  477    9    0    0    0   59  156    5]
 [  42    7   14    2    1    0    0    2    2    0    2    1    0    1
     0    6    0    5    6    0  438    3    0    0    0    0    2  186]]
Classification report of Top MLP sentiments: 
              precision    recall  f1-score   support

           0       0.49      0.48      0.49      2099
           1       0.53      0.61      0.57      1265
           2       0.34      0.25      0.29      1033
           3       0.31      0.02      0.04      1644
           4       0.50      0.04      0.08      2235
           5       0.26      0.01      0.03       706
           6       0.69      0.04      0.07       988
           7       0.73      0.07      0.12      1170
           8       0.49      0.19      0.27       456
           9       0.70      0.01      0.01       948
          10       0.16      0.01      0.02      1557
          11       0.32      0.15      0.21       580
          12       0.00      0.00      0.00       286
          13       0.60      0.03      0.05       626
          14       0.45      0.14      0.21       349
          15       0.78      0.77      0.78      1384
          16       0.00      0.00      0.00        56
          17       0.42      0.23      0.30       906
          18       0.55      0.63      0.59       944
          19       0.00      0.00      0.00       169
          20       0.40      0.88      0.55     10982
          21       0.46      0.30      0.36       922
          22       0.00      0.00      0.00       129
          23       0.00      0.00      0.00       951
          24       0.00      0.00      0.00       185
          25       0.41      0.47      0.44       310
          26       0.40      0.20      0.27       764
          27       0.38      0.26      0.31       720

    accuracy                           0.43     34364
   macro avg       0.37      0.21      0.22     34364
weighted avg       0.43      0.43      0.34     34364

Confusion Matrix of Top MLP sentiments:
[[    0     0     0  3778]
 [    0     0     1  7692]
 [    0     0     1 11138]
 [    0     0     1 11753]]
Classification report of Top MLP sentiments: 
              precision    recall  f1-score   support

           0       0.00      0.00      0.00      3778
           1       0.00      0.00      0.00      7693
           2       0.33      0.00      0.00     11139
           3       0.34      1.00      0.51     11754

    accuracy                           0.34     34364
   macro avg       0.17      0.25      0.13     34364
weighted avg       0.23      0.34      0.17     34364

